0000000000000000000000000000000000000000000000000000000000000000000000000000000000000000000000000000
-----===+ Begin +===-----
1111111111111111111111111111111111111111111111111111111111111111111111111111111111111111111111111111
0101010101010101010101010101010101010101010101010101010101010101010101010101010101010101010101010101
1100011100011100011100011100011100011100011100011100011100011100011100011100011100011100011100011100
0100111110010100111110010100111110010100111110010100111110010100111110010100111110010100111110010100
1100101110110101111100010000110110000100011111010110111010011100101110110101111100010000110110000100
0100100110111101110100011000111110001100010111011110110010010100100110111101110100011000111110001100
1100100010111111110101011000011110011100011111011010110000010101100110011101100100010000111010001110
0100100000111111010101010000011100011100111111010010110010010101000110010101100110010000011010000110
1100100001111111011101010001011100010100111110010010111010010100000110011101100111010000010010000111
0100100001011111011111010001010100010100011110010000111010011100000110111101100101010000011010000111
1100100001001111011111110001010101010100011100010000111110011100001110111101110101010000111010000110
0100100001000111011111111001010101011100011100011000111110010100001110110101110101011000111010001110
1100100001000011011111111011010101011101011100011000011110010100011110110101111101011000111110001110
0100100001000001011111111011110101011101010100011000011100010100011110010101111101010000111110001100
1100100001000000011111111011111101011101010101011000011100011100011110010100111101010000110110001100
0100100001000000111111111011111111011101010101010000011100011100111110010100111111010000110110000100
1100100001000000101111111011111111111101010101010001011100011100111100010100111111010100110110000100
0100100001000000100111111011111111110101010101010001010100011100111100011100111111010100111110000100
1100100001000000100011111011111111110111010101010001010101011100111100011100011111010100111110010100
0100100001000000100001111011111111110111110101010001010101010100111100011100011101010100111110010100
1100100001000000100000111011111111110111111101010001010101010101111100011100011101011100111110010100
0100100001000000100000011011111111110111111111010001010101010101110100011100011101011100011110010100
1100100001000000100000001011111111110111111111110001010101010101110101011100011101011100011100010100
0100100001000000100000000011111111110111111111111001010101010101110101010100011101011100011100011100
1100100001000000100000000111111111110111111111111011010101010101110101010101011101011100011100011100
0100100001000000100000000101111111110111111111111011110101010101110101010101010101011100011100011100
1100100001000000100000000100111111110111111111111011111101010101110101010101010100011100011100011100
0100100001000000100000000100011111110111111111111011111111010101110101010101010100010100011100011100
1100100001000000100000000100001111110111111111111011111111110101110101010101010100010101011100011100
0100100001000000100000000100000111110111111111111011111111111101110101010101010100010101010100011100
1100100001000000100000000100000011110111111111111011111111111111110101010101010100010101010101011100
0100100001000000100000000100000001110111111111111011111111111111010101010101010100010101010101010100
1100100001000000100000000100000000110111111111111011111111111111011101010101010100010101010101010101
0100100001000000100000000100000000010111111111111011111111111111011111010101010100010101010101010101
1100100001000000100000000100000000000111111111111011111111111111011111110101010100010101010101010101
0100100001000000100000000100000000001111111111111011111111111111011111111101010100010101010101010101
1100100001000000100000000100000000001011111111111011111111111111011111111111010100010101010101010101
0100100001000000100000000100000000001001111111111011111111111111011111111111110100010101010101010101
1100100001000000100000000100000000001000111111111011111111111111011111111111111100010101010101010101
0100100001000000100000000100000000001000011111111011111111111111011111111111111110010101010101010101
1100100001000000100000000100000000001000001111111011111111111111011111111111111110110101010101010101
0100100001000000100000000100000000001000000111111011111111111111011111111111111110111101010101010101
1100100001000000100000000100000000001000000011111011111111111111011111111111111110111111010101010101
0100100001000000100000000100000000001000000001111011111111111111011111111111111110111111110101010101
1100100001000000100000000100000000001000000000111011111111111111011111111111111110111111111101010101
0100100001000000100000000100000000001000000000011011111111111111011111111111111110111111111111010101
1100100001000000100000000100000000001000000000001011111111111111011111111111111110111111111111110101
0100100001000000100000000100000000001000000000000011111111111111011111111111111110111111111111111101
1100100001000000100000000100000000001000000000000111111111111111011111111111111110111111111111111111
0100100001000000100000000100000000001000000000000101111111111111011111111111111110111111111111111111
1100100001000000100000000100000000001000000000000100111111111111011111111111111110111111111111111111
0100100001000000100000000100000000001000000000000100011111111111011111111111111110111111111111111111
1100100001000000100000000100000000001000000000000100001111111111011111111111111110111111111111111111
0100100001000000100000000100000000001000000000000100000111111111011111111111111110111111111111111111
1100100001000000100000000100000000001000000000000100000011111111011111111111111110111111111111111111
0100100001000000100000000100000000001000000000000100000001111111011111111111111110111111111111111111
1100100001000000100000000100000000001000000000000100000000111111011111111111111110111111111111111111
0100100001000000100000000100000000001000000000000100000000011111011111111111111110111111111111111111
1100100001000000100000000100000000001000000000000100000000001111011111111111111110111111111111111111
0100100001000000100000000100000000001000000000000100000000000111011111111111111110111111111111111111
1100100001000000100000000100000000001000000000000100000000000011011111111111111110111111111111111111
0100100001000000100000000100000000001000000000000100000000000001011111111111111110111111111111111111
1100100001000000100000000100000000001000000000000100000000000000011111111111111110111111111111111111
0100100001000000100000000100000000001000000000000100000000000000111111111111111110111111111111111111
1100100001000000100000000100000000001000000000000100000000000000101111111111111110111111111111111111
0100100001000000100000000100000000001000000000000100000000000000100111111111111110111111111111111111
1100100001000000100000000100000000001000000000000100000000000000100011111111111110111111111111111111
0100100001000000100000000100000000001000000000000100000000000000100001111111111110111111111111111111
1100100001000000100000000100000000001000000000000100000000000000100000111111111110111111111111111111
0100100001000000100000000100000000001000000000000100000000000000100000011111111110111111111111111111
1100100001000000100000000100000000001000000000000100000000000000100000001111111110111111111111111111
0100100001000000100000000100000000001000000000000100000000000000100000000111111110111111111111111111
1100100001000000100000000100000000001000000000000100000000000000100000000011111110111111111111111111
0100100001000000100000000100000000001000000000000100000000000000100000000001111110111111111111111111
1100100001000000100000000100000000001000000000000100000000000000100000000000111110111111111111111111
0100100001000000100000000100000000001000000000000100000000000000100000000000011110111111111111111111
1100100001000000100000000100000000001000000000000100000000000000100000000000001110111111111111111111
0100100001000000100000000100000000001000000000000100000000000000100000000000000110111111111111111111
1100100001000000100000000100000000001000000000000100000000000000100000000000000010111111111111111111
0100100001000000100000000100000000001000000000000100000000000000100000000000000000111111111111111111
1100100001000000100000000100000000001000000000000100000000000000100000000000000001111111111111111111
0100100001000000100000000100000000001000000000000100000000000000100000000000000001011111111111111111
1100100001000000100000000100000000001000000000000100000000000000100000000000000001001111111111111111
0100100001000000100000000100000000001000000000000100000000000000100000000000000001000111111111111111
1100100001000000100000000100000000001000000000000100000000000000100000000000000001000011111111111111
0100100001000000100000000100000000001000000000000100000000000000100000000000000001000001111111111111
1100100001000000100000000100000000001000000000000100000000000000100000000000000001000000111111111111
0100100001000000100000000100000000001000000000000100000000000000100000000000000001000000011111111111
1100100001000000100000000100000000001000000000000100000000000000100000000000000001000000001111111111
0100100001000000100000000100000000001000000000000100000000000000100000000000000001000000000111111111
1100100001000000100000000100000000001000000000000100000000000000100000000000000001000000000011111111
0100100001000000100000000100000000001000000000000100000000000000100000000000000001000000000001111111
1100100001000000100000000100000000001000000000000100000000000000100000000000000001000000000000111111
0100100001000000100000000100000000001000000000000100000000000000100000000000000001000000000000011111
1100100001000000100000000100000000001000000000000100000000000000100000000000000001000000000000001111
0100100001000000100000000100000000001000000000000100000000000000100000000000000001000000000000000111
1100100001000000100000000100000000001000000000000100000000000000100000000000000001000000000000000011
0100100001000000100000000100000000001000000000000100000000000000100000000000000001000000000000000001
1100100001000000100000000100000000001000000000000100000000000000100000000000000001000000000000000000
0100100001000000100000000100000000001000000000000100000000000000100000000000000001000000000000000000
-----===+ End +===-----
